After years and years of searching 
you have finally found the answer 
to all your questions. All of your 
research pointed you to this abandoned 
highschool, which was known as 
Lisgar Collegiate Institute before 
the pathogens from the mysterious 
flowers spread. Because of your immunity 
to the pathogen, it became your life's 
charge to find a cure to give humanity a 
second chance, in other words, find the 
elixir to life. Here lies the elements 
you need to create the elixir, except 
they are heavily guarded by the plant 
mutations brought along with the mysterious 
flowers. Good luck on your journey, the 
fate of humanity is in your hands.
Welcome to the rooms of Khloris

0
0
0
30 15
1 100 300
0

2 400 300 700 300
0
0
550 15
1 100 750
0

0
0
3 100 500 300 200 600 600
150 15
1 600 450
1 800 500

14 200 50 200 175 200 300 200 425 200 550 200 675
1000 200 1000 325 1000 450 1000 575 1000 700
550 50 550 250 550 650
3 520 150 520 350 520 750
3 750 650 800 250 400 200
340 15
1  90 200
0

9 200 300 400 300 600 300 800 300 
150 600 350 600 550 600 750 600 980 600
9 170 400 370 400 570 400 770 400 
120 700 320 700 520 700 720 700 950 700
4 100 60 200 60 50 100 60 200
800 15
1 50 150
1 900 200

0
13 150 300 350 300 750 300 950 300
150 400 950 400
150 500 950 500
150 600 350 600 550 600 750 600 950 600
2 500 400 600 450
800 15
1 600 480
0

19 200 200 300 200 400 200 500 200 600 200 700 200 800 200 900 200 1000 200 
100 400 200 400 300 400 400 400 500 400 600 400 700 400 800 400 900 400 1000 400
7 50 600 300 600 450 600 600 600 750 600 900 600 1050 600
2 1000 20 1000 20
100 15
1 1150 140
1 100 300

8 150 50 150 175 150 300 150 425 
250 425 350 425
350 560 350 700
5 350 100 350 190
750 700 900 700 1050 700
10 500 300 600 100 700 200 480 100 900 400 850 150 900 50 830 540 1050 550 800 400
250 15
1 850 350
1 550 500

0
0
30 551 500 552 530 540 550 553 580 550 500 550 500 550 500 550 500 550 500 550 500 
550 500 550 500 550 500 550 500 580 500 550 500 550 500 550 500 550 500 550 507 
650 500 650 500 650 500 540 640 570 400 550 500 650 520 550 700 510 560 750 50
50 15
1 550 500
1 100 500








